2 0.159617 0.978004 0.0369646 0.0439911 0.481363
2 0.593136 0.979222 0.0298326 0.0415567 0.459433
2 0.495411 0.97504 0.0310061 0.0499196 0.454785
2 0.668742 0.978617 0.0330971 0.0427656 0.447554
2 0.530156 0.976237 0.0319805 0.0475267 0.426838
2 0.445785 0.977932 0.0305532 0.0441355 0.420027
2 0.593985 0.99136 0.0329938 0.0172805 0.408173
2 0.218729 0.977333 0.031611 0.0453343 0.391366
2 0.270342 0.975802 0.0344071 0.0483959 0.385215
2 0.283177 0.974276 0.0335455 0.0514477 0.383979
2 0.358378 0.975173 0.0322742 0.0496548 0.368275
2 0.367235 0.974484 0.0291628 0.0510321 0.367093
2 0.209397 0.978257 0.0334324 0.0434852 0.366759
2 0.168668 0.978042 0.0338537 0.0439153 0.351715
2 0.604389 0.991994 0.0318048 0.0160117 0.339018
2 0.455187 0.977068 0.0306434 0.045864 0.336613
2 0.134233 0.981251 0.031157 0.0374982 0.336071
2 0.229831 0.978113 0.0289028 0.0437746 0.332876
2 0.367927 0.987402 0.0317167 0.0251952 0.330926
2 0.67865 0.979064 0.0341695 0.0418726 0.330267
2 0.393581 0.989351 0.0305227 0.0212978 0.329935
2 0.689471 0.690372 0.0308047 0.0979317 0.324915
2 0.358375 0.988387 0.0331694 0.0232269 0.320374
2 0.60341 0.979852 0.0290986 0.0402952 0.316616
2 0.39298 0.975113 0.0293456 0.0497745 0.313183
2 0.295191 0.973351 0.0352856 0.0532974 0.305744
2 0.244427 0.977872 0.0304703 0.0442551 0.305735
2 0.434042 0.978388 0.0328283 0.0432238 0.304478
2 0.468496 0.987899 0.0334845 0.0242016 0.30219
2 0.660099 0.979991 0.0339341 0.0400171 0.300904
2 0.542253 0.97759 0.0293116 0.0448195 0.298248
2 0.445673 0.989021 0.0328289 0.0219574 0.294203
2 0.40396 0.976315 0.0272091 0.0473694 0.292765
2 0.405206 0.990691 0.0295698 0.0186172 0.292289
2 0.258456 0.977074 0.0346616 0.0458529 0.291977
2 0.149452 0.979009 0.0376066 0.0419826 0.284302
2 0.66993 0.991493 0.0350346 0.0170146 0.281766
2 0.581909 0.979615 0.0333828 0.0407703 0.280806
2 0.306722 0.973268 0.0351974 0.0534642 0.280303
2 0.506237 0.974765 0.0337946 0.050469 0.27605
2 0.455758 0.988357 0.0329851 0.0232859 0.27543
2 0.108966 0.982418 0.0313243 0.0351637 0.274979
2 0.688079 0.979528 0.0285217 0.0409443 0.274432
2 0.157392 0.972653 0.0352678 0.0546932 0.270685
2 0.531163 0.989459 0.034026 0.0210829 0.269006
2 0.468455 0.976719 0.0319633 0.0465625 0.266264
2 0.159712 0.990593 0.0375215 0.0188139 0.264399
2 0.615662 0.981596 0.0311905 0.0368084 0.263746
2 0.690067 0.706829 0.0293579 0.104587 0.257252
2 0.645687 0.981193 0.0350132 0.037615 0.256934
2 0.567387 0.980184 0.0302975 0.0396327 0.25262
2 0.344685 0.975918 0.0352848 0.0481646 0.251213
