0 0.08645187195958356 0.2943365049623987 0.16926698480111146 0.43242300992479743
2 0.2135228650257294 0.28854888544152607 0.10974651443638928 0.42340757485477487
35 0.6570176386770836 0.26472201116314253 0.1799499116628475 0.4219949321745385
24 0.5105244983844794 0.2742874480951919 0.16904877925402814 0.4230480099247974
13 0.3601614756830558 0.2852334485094767 0.1705749116628475 0.42155828453190336
17 0.8913588839274308 0.40830515301480946 0.08216049620027803 0.10996150496239868
46 0.12530596456822982 0.7869830964639528 0.1677044848011115 0.4260338070720945
57 0.2765229724520145 0.7823566974760194 0.17079311720993093 0.4309332845319034
68 0.41992748033579924 0.7742082113297583 0.17075674961875026 0.42937078453190336
78 0.578175738219584 0.7667510839510028 0.16919424961875046 0.42929800992479733
89 0.7247416136945493 0.7603106470189533 0.16912151443638912 0.42617300992479734