0 0.08694283444052109 0.3107915019891823 0.16937608757465314 0.4315419960216354
0 0.20294904093753496 0.2922494926400466 0.1316215144363892 0.4201681440165447
0 0.6419920507211808 0.21915360658023125 0.2003351468452088 0.4194056226925443
0 0.4972432483844793 0.2450632205999576 0.18943401443638913 0.4208408533577261
0 0.34862456363895855 0.2725807879535476 0.19096014684520862 0.41929653469127165
0 0.8830736052420836 0.3366934532145509 0.086920731382639 0.11035679201145401
0 0.14116735391090346 0.7938852653166826 0.1892158088893059 0.4114658533577261
0 0.291657663181459 0.7796307666295472 0.191178352392292 0.4286715346912716
0 0.43409908310934087 0.755310924610139 0.19114198480111147 0.42710903469127165
0 0.5905848192416325 0.7300462005888217 0.18957948480111142 0.4270908533577263
0 0.7361876067606951 0.7072524959023226 0.18954311720993094 0.42552835335772626