7 0.48997544530200426 0.17409343384408055 0.07575616943775679 0.08096935633066597
10 0.7813074874635877 0.12295722239726929 0.08035274122451135 0.077926176947517
11 0.8838414540774927 0.10444477596799176 0.07217652837152996 0.06528980925276527
89 0.018598201965921768 0.2634721647726524 0.024011813011266016 0.07381932954530476
8 0.590279322182466 0.15944632710637746 0.08159699247815269 0.06701595048646736
6 0.39143865690134444 0.19579906412073397 0.09477895407749282 0.09067163879807003
4 0.20139633010002486 0.2393330555993173 0.06450042069139794 0.06984094155801354
9 0.6979326978092867 0.15585945129395093 0.09285274122451134 0.07814436525911975
5 0.3002968313536661 0.2301274253226639 0.08325042069139794 0.07016822402541771
3 0.09991639812585579 0.26723413879807 0.08012542069139797 0.07011367694751698
20 0.7115525801000249 0.2482378660666033 0.08798338479802066 0.07181254464226869
18 0.5160187712453939 0.29089515015886047 0.05002874373179385 0.055532979707460586
21 0.8112797954602888 0.2406083725594251 0.08646634890464319 0.07334777110331832
22 0.9108024223407506 0.22594762905224686 0.09763116943775678 0.0813511858759707
15 0.2233060855103012 0.3482540880667214 0.08196070533113406 0.07951595048646735
17 0.4215018931112908 0.31657521428288976 0.09124477711788867 0.07655459172016936
16 0.3267576944440744 0.33444277840691905 0.07838106426490725 0.0638364034085667
19 0.6188709866056579 0.28332020372958294 0.07052310015828453 0.06213753571381488
14 0.1287210112162641 0.3715904021907507 0.0800344924781526 0.06698867694751698
12 0.03786033049573626 0.3887449001621558 0.05489810015828456 0.06186480032431154
23 0.05623590894640847 0.48354888555165915 0.08692098997087014 0.08897277110331832
33 0.9317490713245362 0.3286050247501758 0.09914820533113407 0.07981595941492108
29 0.5417893125490476 0.39832186647364043 0.08325042069139794 0.07016822402541764
30 0.6373602253228867 0.38203043911908635 0.08811977711788863 0.0765000446422687
25 0.14953126788018165 0.4695602978886796 0.09427884890464333 0.07348413879807011
27 0.344511147267926 0.43470187702694724 0.07851745658477523 0.06852390340856669
32 0.8323628367639424 0.34795326825735395 0.09758570533113406 0.0797886858759707
28 0.4416445600417651 0.41843772321134354 0.06409124373179384 0.05577844155801368
31 0.7361470663099713 0.3689185588424329 0.08467652837152997 0.06550799756436802
26 0.24519310886726622 0.4563938705341255 0.08012542069139794 0.07011367694751698
43 0.8512923446815013 0.43495839041633255 0.04565949247815269 0.06638865909060954
38 0.36504861929210747 0.5232967727248761 0.05963106426490725 0.06350912094116268
42 0.7576249127073321 0.462995841309837 0.07213106426490726 0.06372730925276535
44 0.9518491395814763 0.428164693987055 0.09630172083704736 0.08765573295387145
34 0.0747933438235714 0.5846028709411626 0.10714256175762478 0.0862023271096728
37 0.26676188347787244 0.5535961530015296 0.06950616943775678 0.08086026217486478
36 0.1759239348106559 0.5715319009729347 0.07525606426490725 0.06378185633066594
40 0.5605286038527012 0.5056258518631438 0.08798338479802066 0.0718125446422686
41 0.6608324807331631 0.49097874512544076 0.08642088479802065 0.07178527110331849
39 0.4698270475053528 0.5282490998345489 0.07521060015828454 0.06221935633066593
58 0.9702031602333033 0.5222419764544591 0.05959367953339338 0.06057503571381488
48 0.29225964014179 0.6516478693163095 0.051864028371529966 0.06493525324641088
2 0.1744580938900784 0.11861145251506225 0.031278743731793845 0.05520569724005647
45 0.09585365307391372 0.6911665166390915 0.07874477711788871 0.07633640340856651
51 0.5860718246232415 0.6052400681779238 0.10066524122451134 0.07828073295387128
52 0.6839637553437694 0.5882083011317951 0.07217652837152996 0.06528980925276535
47 0.19303252995437556 0.6764648628234877 0.08325042069139799 0.07016822402541756
53 0.7826369360642971 0.5711901708551418 0.10544366943775678 0.0814875535707225
54 0.8813328488381362 0.5549532905784883 0.10392663354437914 0.08302278003177221
50 0.4905918400626478 0.6246564955324778 0.09436977711788863 0.07660913879807012
49 0.3919868555020539 0.6440183758091312 0.07989810015828454 0.06230117694751698
57 0.6596166923990103 0.0466520466675683 0.07548338479802066 0.07159435633066598
65 0.5086037056603384 0.7069604809219813 0.08329588479802066 0.07173072402541755
59 0.11802182125802922 0.7821324358759707 0.08499477711788868 0.07644549756436803
66 0.6082627248606683 0.6969872374148031 0.08642088479802065 0.07178527110331849
63 0.31561823528550964 0.7566899253226639 0.07360263605166181 0.06062958279171564
71 0.9052681055020539 0.652977733354318 0.09285274122451134 0.07814436525911965
70 0.8027796029947714 0.6730526797835955 0.0738299565847754 0.06844208279171564
0 0.07922816191590934 0.1466216298696163 0.04074467194503919 0.05849433847375849
64 0.4135783621659715 0.7420019082765353 0.10875052586424747 0.08779210064862308
60 0.22096496483153852 0.7776824894466932 0.07561977711788866 0.07628185633066593
72 0.9780557699917527 0.640360730918686 0.04388846001649469 0.07606366801906325
69 0.7097115645941117 0.6948537674465751 0.09432431301126591 0.07504663879807012
13 0.27369957594338973 0.12112457223840882 0.051954956584775315 0.06806025324641088
88 0.8247886468057075 0.7585498490204747 0.08325042069139812 0.07016822402541756
76 0.24184341765539008 0.8779961351446222 0.07571070533113407 0.07940685633066594
83 0.4376045470431344 0.8431513510523649 0.10727895407749273 0.09088982710967279
90 0.9239164685924621 0.7571567187438214 0.07736413354437914 0.0825591298696164
87 0.7297405712580293 0.7928100263750288 0.1023641335443795 0.08299550649282175
85 0.6357776225908127 0.8106912272685334 0.1023641335443795 0.08299550649282175
82 0.3382637765891633 0.8640620945595432 0.07722774122451134 0.0778716298696164
84 0.5379311559769075 0.8292854943146619 0.09758570533113406 0.0797886858759707
24 0.37476197077054024 0.1057098522701809 0.05043792069139794 0.06959547970746054
68 0.7656621039192083 0.04147539731619142 0.05007420783841656 0.05709547970746054
91 0.9936413175636126 0.7437311927692389 0.012717364872774795 0.07244774431795716
75 0.14415607541466433 0.9020591521907507 0.07548338479802066 0.07159435633066594
46 0.57217652837153 0.0740173417168741 0.0454321719450391 0.058576159090609516
1 0.014626104314919671 0.18063239123370206 0.020977741224511376 0.0768897824674041
35 0.4720317758642475 0.09413319845457715 0.045341243731793844 0.05545115909060951
78 0.862309783386095 0.0353538567311125 0.040244566772189926 0.04130683847375849
99 0.8457580278428045 0.8619884947184037 0.0902733105039836 0.09683981818121908
96 0.6543350574679756 0.9117452126580368 0.07097774122451135 0.07776253571381489
98 0.7538122202418148 0.8955219691508585 0.06450042069139794 0.06984094155801372
94 0.5589232690673158 0.9335053900125907 0.1039266335443795 0.08302278003177221
93 0.46261657040009946 0.9513456805976699 0.09593227711788863 0.07663641233702023
92 0.3640115858395056 0.9682773516629204 0.06601745658477523 0.06344529667415913