7 0.4915885780624395 0.16847937275099995 0.0723295179539809 0.07854315651766242
10 0.7858198462128121 0.11863040543750789 0.07857042759490121 0.07701701795398089
11 0.8888403070833965 0.10126161913676265 0.06911361436318479 0.06289997579950315
89 0.014767523709517496 0.25554601805217675 0.02698974687674203 0.07359203610435347
8 0.5930647196511831 0.15422649609117514 0.07850679508134384 0.0660795179539809
6 0.3924970930895541 0.18977713494944423 0.09269656010845857 0.0880363311856975
4 0.2005641231437834 0.23240902078265124 0.061337475799503216 0.06910452400410509
9 0.7008590389330239 0.15172873086766875 0.09106133723582169 0.07552724082661784
5 0.2997237858097659 0.22283000858420698 0.08007838544042353 0.06765110831306051
3 0.09759820442767674 0.2591528070833965 0.07695338544042356 0.06763292759490121
20 0.7107658249391815 0.24318952302214644 0.08633747579950324 0.06924996974937896
18 0.5133595598138709 0.28500834259857477 0.04718407220870695 0.05339771077238851
21 0.8107249183233233 0.236740056003242 0.08323065651766229 0.07235678903121974
22 0.9106385599120668 0.2224780889843375 0.09420451795398108 0.07867042154477703
15 0.21838340309981685 0.34110276473252704 0.0785704275949013 0.0770170179539809
17 0.4181970507386847 0.31023508069471817 0.08948974687674198 0.07395565046753827
16 0.3222078398681003 0.3276447736113216 0.07692611436318471 0.0629454275949013
19 0.6164391080184729 0.2777958062978295 0.06910452400410509 0.06133747579950324
14 0.12242600848601112 0.36398120764913056 0.07694429508134393 0.0660704275949012
12 0.029561797615426728 0.38140908128389334 0.05503293364502547 0.05969316256778665
23 0.04494642398066398 0.4744641896951497 0.08487496974937897 0.08642837939029935
33 0.9276447736113216 0.3256985377546735 0.09732951795398108 0.07868860226293632
29 0.5342992945903646 0.39293901726660985 0.08007838544042371 0.06765110831306051
30 0.6310788458200286 0.3770963695295461 0.08480224687674198 0.07392837939029935
25 0.13940040592848724 0.4617329064194665 0.09259656615858278 0.07084883118569749
27 0.3352941680287357 0.42849874648395864 0.07694429508134401 0.06607042759490125
32 0.8277584030998169 0.344648004773578 0.09419542759490121 0.07710792154477701
28 0.4336362192583996 0.4126651891059745 0.06281816256778647 0.05505111436318462
31 0.7302248729473917 0.3651736073311019 0.0831761143631848 0.06298178903121973
26 0.2354168878763105 0.44901071350286303 0.07695338544042354 0.06763292759490121
43 0.8423254180287356 0.4314485680052945 0.04256929508134384 0.06587043969514964
38 0.352214023316734 0.5168754452542945 0.056613614363184704 0.06282725292686635
42 0.7479577944921687 0.45902360128097763 0.0706670240041051 0.06134656615858276
44 0.9461907614128773 0.4250218268840891 0.09892837939029916 0.08494769262201593
34 0.05959979732083913 0.5761085029268662 0.10516928903121973 0.08342155405833437
37 0.2531679901392468 0.5459857074527388 0.0676420179539809 0.07851588544042354
36 0.16108502926866236 0.5634181262670414 0.07379202400410509 0.06136474687674216
40 0.5489844841873184 0.5000520804983264 0.08633747579950324 0.06924996974937905
41 0.6504606257760621 0.48579920383850156 0.08322156615858275 0.07079428903121983
39 0.45692879439397294 0.5221719993126289 0.07378293364502539 0.05980224687674216
58 0.9639236829576545 0.5188718208339649 0.0675329336450254 0.059765885440423536
48 0.27483443276126274 0.6445459273003136 0.050372704722264315 0.0643533914905479
2 0.17876587031511307 0.11119255093507643 0.03000566256778665 0.05486021682251274
45 0.07662419173825315 0.6824539516972022 0.07542724687674203 0.07387383723582168
51 0.570660017168414 0.6001748003459012 0.09731133723582168 0.07556360226293642
52 0.6689975232185381 0.5835599929679172 0.07068520472226432 0.06447156615858277
47 0.17419862850653658 0.6689595991396783 0.08164088544042354 0.06766019867214013
53 0.7688975292686624 0.5669542759490127 0.1035795179539809 0.07872496369925486
54 0.8680208304983263 0.5511252637505685 0.1004636083130606 0.08026928298109545
50 0.4738986466569092 0.6191424480829649 0.09261474687674216 0.07397383118569749
49 0.3747889809658646 0.6373152102814093 0.07847043364502548 0.059829517953980726
57 0.6658340782588311 0.03980999296791715 0.07229315651766229 0.07229315651766241
65 0.4892196405085891 0.7012600564942213 0.08008747579950323 0.0692136083130606
59 0.09512472774441079 0.7739647408266178 0.08167724687674202 0.07391019867214013
66 0.5883793031745717 0.691681044295777 0.08322156615858275 0.07079428903121965
63 0.2934167819991369 0.7501192164297292 0.07222043364502548 0.05979315651766246
71 0.8873389779408025 0.6488905980595238 0.08949883723582168 0.0755181504675381
70 0.7843321526088375 0.6686031343602691 0.07226588544042353 0.06760565651766229
0 0.08205449677854618 0.13875394867214014 0.03783634328594587 0.05803066861791084
64 0.39254462840834076 0.735071454231285 0.10517837939029935 0.08498405405833438
60 0.19822245666717192 0.7698772045258726 0.07231133723582164 0.07541815651766229
72 0.9704771682251273 0.636104772629363 0.059045663549745345 0.07380111436318479
69 0.6907094176359522 0.689932712815492 0.09261474687674216 0.07397383118569749
13 0.2779982558537325 0.11411353873663214 0.050381795081343925 0.06591589149054777
88 0.8027963271786767 0.7538639234896847 0.08007838544042371 0.0676511083130606
76 0.21443378482780728 0.8707493581166688 0.07232951795398088 0.07854315651766228
83 0.4126667517485159 0.8367475837197802 0.10519656010845857 0.08810905405833439
90 0.9027917819991369 0.7536644564707802 0.07391019867214013 0.08167724687674216
87 0.706907110257968 0.7884611164062882 0.1004636083130606 0.08026928298109545
85 0.6116946042078439 0.8050941045024315 0.10046360831306042 0.08026928298109545
82 0.3120082215960907 0.8572550055591449 0.07543633723582169 0.07543633723582169
84 0.5125849385167993 0.8232668667008758 0.09419542759490121 0.07710792154477701
24 0.3794698522629363 0.09907941207680729 0.04883747579950315 0.06903180113146815
68 0.7736147620020526 0.034968477744410774 0.04722952400410509 0.06121021077238853
91 0.9832862404338343 0.7408649955019999 0.03342751913233144 0.07053066861791084
75 0.11613264021400153 0.8936141654946528 0.0738465661585828 0.07073974687674181
46 0.5785022499018041 0.06820718285945856 0.04251475292686635 0.056495439695149675
1 0.01271414431921814 0.17116192769309713 0.023882927594901272 0.07669885538619425
35 0.4770579245698391 0.08792880951928342 0.04406816256778647 0.054942030054229284
78 0.8712301053861943 0.028505375186886877 0.03933521077238851 0.04710225897699044
99 0.8205883360574713 0.8578701674395605 0.08648292154477702 0.09424996974937905
96 0.6263479775480191 0.9067384177341481 0.06762383723582169 0.07539088544042372
98 0.726252528777683 0.8909139507152435 0.06133747579950324 0.06910452400410491
94 0.5303814925751337 0.9280543606507514 0.10202610831306043 0.08027837334017533
93 0.43282978170454933 0.9454549632082754 0.09417724687674212 0.07398292154477701
92 0.3329388660135047 0.96362318022718 0.06445338544042353 0.06756020472226432