0 0.54921875 0.16875 0.0609375 0.06875
0 0.84765625 0.16953125 0.0671875 0.065625
0 0.95234375 0.16953125 0.0609375 0.053125
0 0.04921875 0.171875 0.04453125 0.06640625
0 0.6515625 0.171875 0.0703125 0.05390625
0 0.44765625 0.1734375 0.0796875 0.075
0 0.25078125 0.1828125 0.0515625 0.06015625
0 0.7578125 0.1875 0.08046875 0.06171875
0 0.35 0.190625 0.07109375 0.05625
0 0.14453125 0.1921875 0.06796875 0.05703125
0 0.7515625 0.2796875 0.0765625 0.05703125
0 0.54921875 0.2875 0.03984375 0.04765625
0 0.8515625 0.28984375 0.07421875 0.059375
0 0.95234375 0.29296875 0.084375 0.06484375
0 0.2484375 0.29296875 0.06796875 0.065625
0 0.45078125 0.29609375 0.0796875 0.06015625
0 0.353125 0.296875 0.06875 0.05078125
0 0.65234375 0.29765625 0.0609375 0.05078125
0 0.15 0.29921875 0.06875 0.05390625
0 0.05078125 0.3 0.05703125 0.05078125
0 0.05234375 0.3953125 0.075 0.07421875
0 0.95078125 0.396875 0.08671875 0.06328125
0 0.55078125 0.396875 0.07109375 0.05625
0 0.64921875 0.39765625 0.075 0.06171875
0 0.14921875 0.3984375 0.0828125 0.05703125
0 0.3484375 0.3984375 0.06796875 0.0546875
0 0.8484375 0.3984375 0.084375 0.06328125
0 0.44765625 0.39921875 0.0546875 0.0453125
0 0.74921875 0.40234375 0.075 0.05078125
0 0.24609375 0.40234375 0.06796875 0.05625
0 0.84765625 0.48671875 0.0328125 0.06015625
0 0.34921875 0.48828125 0.04765625 0.0546875
0 0.74921875 0.49765625 0.06171875 0.0515625
0 0.95078125 0.49765625 0.08671875 0.07109375
0 0.05 0.49765625 0.09375 0.06796875
0 0.24609375 0.50078125 0.05546875 0.0703125
0 0.15234375 0.50234375 0.06484375 0.05078125
0 0.54609375 0.5046875 0.0765625 0.05703125
0 0.6484375 0.5078125 0.07421875 0.0578125
0 0.4515625 0.5109375 0.065625 0.04921875
0 0.9515625 0.59296875 0.06015625 0.04921875
0 0.25 0.60078125 0.03984375 0.0578125
0 0.25078125 0.06015625 0.0203125 0.0515625
0 0.04765625 0.60546875 0.065625 0.06328125
0 0.54921875 0.60703125 0.08828125 0.06015625
0 0.64921875 0.60703125 0.06171875 0.05390625
0 0.14609375 0.6078125 0.071875 0.05625
0 0.75078125 0.6078125 0.09296875 0.0625
0 0.8515625 0.60859375 0.090625 0.065625
0 0.45078125 0.609375 0.0828125 0.06015625
0 0.34921875 0.6109375 0.0703125 0.0484375
0 0.74609375 0.06328125 0.05859375 0.08203125
0 0.45078125 0.69296875 0.07109375 0.0578125
0 0.04921875 0.6984375 0.071875 0.06171875
0 0.55078125 0.7 0.07421875 0.0578125
0 0.24921875 0.7078125 0.0640625 0.0484375
0 0.853125 0.70859375 0.0796875 0.06171875
0 0.74765625 0.71015625 0.0625 0.05703125
0 0.15078125 0.07109375 0.02890625 0.05390625
0 0.34921875 0.71015625 0.09453125 0.06875
0 0.1515625 0.71171875 0.06171875 0.06484375
0 0.95234375 0.71328125 0.08125 0.06015625
0 0.6515625 0.715625 0.0828125 0.059375
0 0.34765625 0.0796875 0.03984375 0.06015625
0 0.75078125 0.79765625 0.07109375 0.05625
0 0.15 0.81328125 0.0609375 0.06796875
0 0.35078125 0.81328125 0.09296875 0.071875
0 0.84921875 0.8140625 0.0625 0.07109375
0 0.65 0.81484375 0.08984375 0.06484375
0 0.553125 0.815625 0.08984375 0.06484375
0 0.2484375 0.81640625 0.0640625 0.065625
0 0.45234375 0.8171875 0.084375 0.06328125
0 0.45078125 0.08203125 0.0375 0.0625
0 0.8515625 0.08203125 0.0375 0.06171875
0 0.95234375 0.81953125 0.06484375 0.06015625
0 0.0484375 0.81953125 0.0640625 0.059375
0 0.65234375 0.08515625 0.034375 0.0515625
0 0.04375 0.08671875 0.0796875 0.06328125
0 0.54921875 0.0875 0.0359375 0.0484375
0 0.94921875 0.08984375 0.0296875 0.053125
0 0.74921875 0.90234375 0.0734375 0.08203125
0 0.54921875 0.91796875 0.05703125 0.06640625
0 0.65078125 0.91953125 0.0515625 0.06015625
0 0.45078125 0.92265625 0.09140625 0.06484375
0 0.3515625 0.9234375 0.084375 0.06015625
0 0.25 0.925 0.0546875 0.0578125