0 0.3461679138402385 0.16001492857793884 0.02762038896415202 0.050873019237293704
0 0.24756663952997898 0.15970241533109492 0.02589411465389251 0.04769345553496285
0 0.1497875587972843 0.15863593393541642 0.05558161465389255 0.048730165879249124
0 0.7380688087972843 0.17917916786298366 0.03099105042954129 0.055669646641955416
0 0.05291255879728431 0.15525298439090338 0.01997166327441157 0.053725200725639424
0 0.6380278652197194 0.1764683409138089 0.02918288896415202 0.05092758293962456
0 0.5403306716421545 0.1738393595181304 0.029346663274411534 0.05405258293962456
0 0.9285300344870248 0.18896093954734808 0.02745661465389233 0.0477480192372937
0 0.4449362844870248 0.17207347367594822 0.033706614653892505 0.04796627404661713
0 0.8368781230216357 0.190456462960993 0.03592421189493038 0.06052083774894799
0 0.04573746664462895 0.24735863883740708 0.03937676051544958 0.06687996515360961
0 0.3400639987568046 0.2615501467267734 0.04793288896415202 0.05158234736759475
0 0.6345952487568046 0.27183540461613975 0.0374048247398008 0.05901290145127884
0 0.5353355551792397 0.26915185951813037 0.0514673247398008 0.05950397477225646
0 0.24466961160167483 0.2597842608845912 0.04357293758467105 0.05766865626060227
0 0.9290036680241098 0.2844644125055061 0.05311171189493038 0.06112103847458741
0 0.7320467808689802 0.27915188601181823 0.04653416327441153 0.05465278366526398
0 0.8272773937138505 0.28404277185400045 0.0467798247398008 0.05934028366526398
0 0.14524614371385045 0.2602257157865819 0.049331614653892554 0.048511911069925695
0 0.43661145013628555 0.2711830962712865 0.05574538896415202 0.05185516587924912
0 0.923227301561195 0.37974963065434064 0.0561548247398008 0.05966766587924912
0 0.2411960515611951 0.35593257458692207 0.06561171189493056 0.06155754809323426
0 0.3388523015611951 0.3593428059826006 0.05887038896415202 0.051964293283910834
0 0.8223232208285005 0.37857402185400046 0.0782754862051899 0.06511905771188112
0 0.5324794708285004 0.3684524550716267 0.056072937584671044 0.05810516587924912
0 0.6301357208285004 0.3718626864673052 0.06717421189493056 0.06161211179556503
0 0.7277510272509355 0.3760541678629837 0.05294793758467105 0.05799603847458741
0 0.4323566400958058 0.3673041281224519 0.05936171189493056 0.061339293283910835
0 0.04016914009580583 0.35360863883740706 0.04965916327441157 0.054761911069925694
0 0.1400872529406761 0.3586632157865819 0.05278416327441158 0.05487103847458741
0 0.8224183960886997 0.43649564925866213 0.030745388964152198 0.05098214664195542
0 0.9181502979431503 0.47662463065434063 0.07169793758467122 0.05865080290255768
0 0.2298690479431505 0.4525893197775986 0.051221663274411536 0.05481647477225664
0 0.6251815479431505 0.4663939364673052 0.05311171189493056 0.06112103847458741
0 0.03571621410043763 0.44735863883740706 0.07143242820087525 0.07115080290255768
0 0.3321309107880207 0.45772574228026974 0.05919793758467105 0.05821429328391083
0 0.7258809107880208 0.4714757952676454 0.06232293758467104 0.05832342068857255
0 0.525799023632891 0.46605414136929585 0.0702173247398008 0.06015873920022674
0 0.13352963647776123 0.45392115208425105 0.06577548620519007 0.06468254809323426
0 0.42559430574506657 0.46646831442012104 0.04612472749876275 0.04684028366526398
0 0.7197736736783196 0.5581399815653145 0.09998006784239592 0.09239088584218216
0 0.231001100747541 0.5504638245869221 0.047107373360319824 0.06559028366526398
0 0.032684728347503134 0.5450421706885725 0.06536945669500627 0.06479167549789597
0 0.13013796359241123 0.5485069657865818 0.057717324739800804 0.059722229581580064
0 0.6184192135924113 0.5655581227649743 0.0561548247398008 0.05966766587924912
0 0.4229838828597166 0.5610814099736173 0.06536605042954129 0.05687004809323426
0 0.5175151328597166 0.5643825139646341 0.06199538896415202 0.05207342068857255
0 0.3245054392821517 0.5584251467267733 0.06528416327441153 0.05530754809323426
0 0.8174332457045868 0.5764212448121585 0.057799211894930466 0.061284729581580065
0 0.914267302127022 0.5805854443566715 0.07366987336031983 0.06651786660488845
0 0.22509858152566414 0.6332217608845913 0.06239818068726608 0.0895188569862416
0 0.8118206535519314 0.668581462960993 0.06561171189493038 0.06155754809323426
0 0.5149047099743667 0.6589956095181304 0.06281426051544958 0.06769842068857237
0 0.030434492594568634 0.6435615162420688 0.06086898518913727 0.05999504809323426
0 0.4187290728192369 0.6572024418247827 0.06248671189493056 0.06144842068857255
0 0.6108756292416719 0.6646950272114781 0.06281426051544958 0.06769842068857237
0 0.7092721856641071 0.668913790458322 0.04702548620519007 0.06402778366526399
0 0.9092721856641071 0.6758979443566715 0.06906426051544941 0.06791667549789597
0 0.3155221856641071 0.6551637374709463 0.06873671189493055 0.06166667549789597
0 0.12164935493141246 0.6507415883819202 0.06873671189493057 0.06166667549789597
0 0.026700321970496533 0.7247842343909034 0.053400643940993066 0.08633929328391084
0 0.6067845935114518 0.7576910590626434 0.056072937584671044 0.05810516587924912
0 0.3075248999338869 0.7480233600662846 0.056482373360319825 0.06591766587924912
0 0.5098686499338869 0.7550893595181304 0.06890048620519007 0.0647916754978958
0 0.8035367627787572 0.7669098355563313 0.05919793758467114 0.05821429328391083
0 0.22072426277875712 0.7465575745869221 0.0624048247398008 0.05988592068857255
0 0.7074020692011922 0.7643354178629836 0.06577548620519007 0.06468254809323426
0 0.41517362562362736 0.7549132555271136 0.06281426051544958 0.06769842068857254
0 0.12364454489093273 0.7470808750424089 0.05615482473980081 0.05966766587924912
0 0.9040314077358029 0.7758979443566714 0.05919793758467122 0.05821429328391083
0 0.024328916498001084 0.8325967343909035 0.04865783299600217 0.06144842068857272
0 0.8017075898934071 0.8615502129609929 0.05327548620519016 0.0642460384745874
0 0.11108258989340714 0.8374330565307547 0.04077548620519007 0.06380952885594056
0 0.4071763398934071 0.8477728781224518 0.06741987336031982 0.06629961179556502
0 0.20943820273827737 0.8424330697775986 0.06001680913596861 0.07383929328391084
0 0.3094382027382774 0.8459251467267734 0.07062676051544958 0.06797123920022692
0 0.893649428428018 0.8694569713985135 0.0550017605154494 0.06742560217691818
0 0.5061494284280179 0.8559251732204614 0.07210737336031983 0.06646330290255768
0 0.7022431784280179 0.8627729178629835 0.056072937584671044 0.058105165879248945
0 0.610014734850453 0.8603349094254632 0.04669793758467104 0.05777778366526398
0 0.5489300706715303 0.935687084290387 0.06700379353213641 0.08812004809323426
0 0.15534716700805715 0.9336830631541767 0.05294793758467105 0.05799603847458741
0 0.25530622343049225 0.9379563901033514 0.07153416327441153 0.055525802902557334
0 0.3520993362753625 0.9429018396478647 0.050314260515449585 0.06726191106992588
0 0.7403396426977976 0.9572421696770823 0.05311171189493056 0.06112103847458741
0 0.44971464269779765 0.9470933210435429 0.049904824739800804 0.05944941106992587
0 0.647248061965103 0.9563393793883963 0.048506099050060314 0.06251984736759475