0 0.35390625 0.14765625 0.025 0.04921875
0 0.25546875 0.15078125 0.0234375 0.046875
0 0.1578125 0.153125 0.05234375 0.04765625
0 0.74609375 0.153125 0.02890625 0.0546875
0 0.0609375 0.153125 0.0171875 0.053125
0 0.64609375 0.15390625 0.0265625 0.05
0 0.5484375 0.1546875 0.0265625 0.05234375
0 0.93671875 0.15625 0.02421875 0.04765625
0 0.453125 0.15625 0.03046875 0.04765625
0 0.8453125 0.1609375 0.0328125 0.06015625
0 0.05859375 0.2453125 0.0359375 0.06640625
0 0.353125 0.24921875 0.0453125 0.05078125
0 0.64765625 0.24921875 0.03359375 0.0578125
0 0.5484375 0.25 0.0484375 0.0578125
0 0.2578125 0.25078125 0.040625 0.05546875
0 0.9421875 0.2515625 0.04921875 0.05859375
0 0.7453125 0.253125 0.04453125 0.05234375
0 0.840625 0.2546875 0.04296875 0.0578125
0 0.15859375 0.2546875 0.046875 0.04765625
0 0.45 0.25546875 0.053125 0.04921875
0 0.94140625 0.346875 0.05390625 0.0578125
0 0.259375 0.346875 0.06171875 0.05859375
0 0.35703125 0.346875 0.05703125 0.05
0 0.840625 0.34921875 0.075 0.06328125
0 0.55078125 0.34921875 0.05390625 0.05703125
0 0.6484375 0.34921875 0.0640625 0.05859375
0 0.74609375 0.35 0.05 0.05546875
0 0.45078125 0.3515625 0.05703125 0.05859375
0 0.05859375 0.3515625 0.04765625 0.05234375
0 0.15859375 0.353125 0.05078125 0.05234375
0 0.84375 0.40703125 0.02890625 0.05078125
0 0.94140625 0.44375 0.06953125 0.05703125
0 0.253125 0.44375 0.0484375 0.05234375
0 0.6484375 0.44375 0.04921875 0.05859375
0 0.05859375 0.4453125 0.06953125 0.06796875
0 0.35546875 0.4453125 0.05703125 0.05546875
0 0.74921875 0.4453125 0.05859375 0.05546875
0 0.54921875 0.446875 0.0671875 0.0578125
0 0.15703125 0.4484375 0.06328125 0.06328125
0 0.44921875 0.45078125 0.04453125 0.0453125
0 0.74765625 0.53203125 0.0953125 0.0890625
0 0.259375 0.54140625 0.04296875 0.0640625
0 0.059375 0.54296875 0.06484375 0.06328125
0 0.15859375 0.54296875 0.0546875 0.0578125
0 0.646875 0.54296875 0.05390625 0.0578125
0 0.4515625 0.5453125 0.06328125 0.0546875
0 0.54609375 0.5453125 0.06015625 0.05078125
0 0.353125 0.54609375 0.06328125 0.05234375
0 0.84609375 0.546875 0.0546875 0.06015625
0 0.94296875 0.54765625 0.0703125 0.0640625
0 0.2578125 0.62421875 0.0578125 0.08671875
0 0.8453125 0.6390625 0.06171875 0.05859375
0 0.5484375 0.63984375 0.06015625 0.06640625
0 0.06171875 0.64140625 0.06171875 0.0578125
0 0.45234375 0.64140625 0.059375 0.05859375
0 0.64453125 0.6421875 0.05859375 0.06640625
0 0.74296875 0.64296875 0.04296875 0.06328125
0 0.94296875 0.64296875 0.06484375 0.06640625
0 0.34921875 0.64296875 0.065625 0.06015625
0 0.15546875 0.6453125 0.06484375 0.05859375
0 0.0609375 0.72265625 0.05546875 0.08359375
0 0.6453125 0.73515625 0.053125 0.05703125
0 0.34609375 0.7359375 0.053125 0.0640625
0 0.5484375 0.7359375 0.06484375 0.06328125
0 0.8421875 0.7375 0.05546875 0.05703125
0 0.259375 0.7375 0.059375 0.0578125
0 0.74609375 0.73828125 0.0625 0.06328125
0 0.45390625 0.7390625 0.06015625 0.06640625
0 0.1625 0.74140625 0.053125 0.0578125
0 0.94296875 0.74296875 0.05546875 0.05546875
0 0.0609375 0.83046875 0.06015625 0.05859375
0 0.8453125 0.83203125 0.05 0.06328125
0 0.1546875 0.83203125 0.03828125 0.0625
0 0.45078125 0.83203125 0.0640625 0.0640625
0 0.253125 0.83359375 0.05546875 0.071875
0 0.353125 0.83359375 0.0671875 0.065625
0 0.9375 0.83671875 0.0515625 0.06640625
0 0.55 0.83671875 0.06796875 0.0640625
0 0.74609375 0.83671875 0.053125 0.05546875
0 0.65390625 0.8375 0.04453125 0.05703125
0 0.596875 0.91484375 0.06171875 0.0859375
0 0.20390625 0.9265625 0.04921875 0.05546875
0 0.30390625 0.92734375 0.06953125 0.05234375
0 0.40078125 0.92890625 0.04765625 0.06640625
0 0.7890625 0.9296875 0.04921875 0.05859375
0 0.4984375 0.9296875 0.04765625 0.0578125
0 0.69609375 0.93203125 0.0453125 0.0609375