83 0.30234375 0.83359375 0.08828125 0.06328125
82 0.17109375 0.834375 0.071875 0.06484375
84 0.4328125 0.834375 0.0890625 0.06171875
85 0.565625 0.8359375 0.09453125 0.06171875
88 0.82421875 0.8359375 0.07578125 0.0546875
87 0.70234375 0.8375 0.06484375 0.05859375
96 0.62578125 0.9140625 0.09453125 0.08203125
92 0.10546875 0.92578125 0.0671875 0.0515625
93 0.23515625 0.92734375 0.0984375 0.0515625
94 0.365625 0.92890625 0.06484375 0.06484375
95 0.4984375 0.9296875 0.0671875 0.06328125
99 0.88359375 0.93203125 0.06953125 0.053125
98 0.759375 0.93359375 0.0609375 0.06015625
13 0.30546875 0.14609375 0.034375 0.0484375
2 0.17734375 0.15078125 0.02734375 0.0546875
57 0.82734375 0.15078125 0.03671875 0.0453125
46 0.6953125 0.15234375 0.03515625 0.0546875
1 0.04140625 0.153125 0.0734375 0.053125
24 0.43671875 0.15703125 0.03984375 0.053125
35 0.5640625 0.1578125 0.034375 0.0484375
68 0.96015625 0.15859375 0.0484375 0.05703125
4 0.17734375 0.2484375 0.05859375 0.053125
8 0.69765625 0.25078125 0.05 0.06171875
7 0.56328125 0.2515625 0.06328125 0.06015625
5 0.30703125 0.25234375 0.0578125 0.0484375
10 0.95390625 0.25390625 0.06328125 0.06171875
9 0.8265625 0.25390625 0.06171875 0.06171875
6 0.4328125 0.2546875 0.07265625 0.05
3 0.04609375 0.25546875 0.06171875 0.0515625
16 0.3078125 0.34609375 0.07265625 0.05859375
20 0.82734375 0.3484375 0.06640625 0.05703125
15 0.17890625 0.34921875 0.08515625 0.05859375
19 0.696875 0.34921875 0.08359375 0.0546875
21 0.95390625 0.35 0.0921875 0.06015625
17 0.43359375 0.35078125 0.07421875 0.0484375
18 0.56484375 0.35078125 0.0765625 0.0546875
14 0.04296875 0.3515625 0.06328125 0.05
32 0.95390625 0.4078125 0.0390625 0.0515625
30 0.6953125 0.44296875 0.06640625 0.05703125
25 0.04296875 0.4453125 0.0859375 0.059375
31 0.8328125 0.44609375 0.08046875 0.0546875
26 0.17421875 0.44765625 0.05546875 0.05859375
29 0.56171875 0.44765625 0.0875 0.06171875
27 0.30546875 0.4484375 0.08203125 0.06015625
28 0.43359375 0.45078125 0.0640625 0.0484375
42 0.82890625 0.52890625 0.1265625 0.08515625
37 0.17734375 0.54453125 0.0546875 0.06484375
43 0.9609375 0.5453125 0.0734375 0.06328125
39 0.4359375 0.54609375 0.0828125 0.06171875
41 0.69453125 0.54609375 0.075 0.06171875
38 0.3046875 0.54765625 0.08671875 0.05859375
40 0.56171875 0.54765625 0.0796875 0.05859375
36 0.03984375 0.5484375 0.0796875 0.053125
48 0.175 0.6234375 0.08359375 0.08671875
51 0.565625 0.6390625 0.0875 0.071875
53 0.825 0.63984375 0.06171875 0.06328125
54 0.95703125 0.640625 0.0859375 0.05859375
49 0.29765625 0.6421875 0.0859375 0.06171875
50 0.434375 0.6421875 0.0828125 0.0546875
52 0.69296875 0.64296875 0.08046875 0.06015625
47 0.04453125 0.6453125 0.0890625 0.06015625
72 0.95546875 0.73671875 0.0765625 0.05
64 0.29453125 0.73671875 0.07265625 0.06328125
65 0.4390625 0.7375 0.08046875 0.06484375
69 0.56484375 0.7375 0.0859375 0.06484375
70 0.69453125 0.73828125 0.0640625 0.053125
63 0.1796875 0.7390625 0.0796875 0.0546875
71 0.8265625 0.7390625 0.090625 0.06171875
60 0.04765625 0.74140625 0.0828125 0.06015625
80 0.0390625 0.83203125 0.0515625 0.06640625
90 0.959375 0.8328125 0.0703125 0.06484375