0 0.2974940434310239 0.8247964453685113 0.08786361436318471 0.06504598997087001
0 0.16623949825148415 0.8293966803248164 0.07225679508134393 0.0677163489046432
0 0.4279582482514842 0.8217814424655174 0.08942611436318475 0.06509145407749273
0 0.5607616578924045 0.8194794934025895 0.0941136143631848 0.06522784639736087
0 0.8193554078924045 0.8119551837565357 0.07531816256778674 0.05686977711788863
0 0.6974713175333249 0.8170638840731048 0.06597043364502539 0.06128449247815269
0 0.6204633899384236 0.8958541252976161 0.09422269867214013 0.08397784639736088
0 0.1000827122453265 0.9227124228029691 0.06748748184962738 0.0535174565847754
0 0.2297611218862469 0.9205014019532864 0.09873748184962734 0.05442673871722903
0 0.36022078152716724 0.9182676490502926 0.06600679508134402 0.06753449247815269
0 0.49302873634762745 0.9151844499873647 0.0675511143631848 0.0644549565847754
0 0.878171350809008 0.9063212977048739 0.06905907220870695 0.05512542069139812
0 0.7539435104499285 0.911498194181377 0.06128293364502539 0.061148100158284535
0 0.3046188014260557 0.13720551715526583 0.034656801131468205 0.04943771034569897
0 0.17646653034881687 0.14562107389832568 0.028443162567786652 0.05550585391920828
0 0.8264665303488169 0.12670800554329037 0.03776362041330898 0.04640363855894432
0 0.6944261899897373 0.13211222255290692 0.03469316256778665 0.05568771034569897
0 0.04051539481019746 0.15192020117449895 0.073746572208707 0.055261813011266
0 0.43580516891249843 0.14432403219896062 0.04093407220870695 0.0543070667721897
0 0.5631443737329587 0.1413999575092121 0.03465680113146803 0.04943771034569897
0 0.959233578553419 0.13065605648036244 0.04876475292686635 0.05765938730530311
0 0.1758983829063408 0.24327732389832574 0.05968407220870695 0.05485263605166182
0 0.6961972473677214 0.23048152639297287 0.050363614363184796 0.06395485141192578
0 0.5618177021881815 0.23517268956252346 0.0628454336450254 0.061193564264907255
0 0.30556315700864173 0.24341005304864316 0.058094301131468205 0.05011967194503919
0 0.9524290666495621 0.22615041290685317 0.06286361436318444 0.06431856426490726
0 0.825085316649562 0.22985573759660166 0.06286361436318452 0.06431856426490726
0 0.43133077147002236 0.2420939424655173 0.07216589149054772 0.05209134890464338
0 0.044607476290482506 0.2541275588546309 0.06279998184962739 0.053381064264907255
0 0.30579898546386464 0.3371373209953318 0.07222043364502548 0.06146634890464338
0 0.8253165999252452 0.32436425554329035 0.06595225292686635 0.058159492478152594
0 0.17687455474570543 0.344013109791703 0.08472043364502549 0.06183006175762475
0 0.6948433047457054 0.3289417584462842 0.08469316256778647 0.057142561757624756
0 0.9518700095661657 0.32224416290685315 0.09253293364502539 0.062057382290738164
0 0.43155296438662577 0.338164960412206 0.07528180113146807 0.05061977711788872
0 0.5628029643866258 0.3343459754559007 0.07688066256778647 0.056915241224511345
0 0.04092341920708601 0.3503122370678763 0.06279089149054777 0.05181856426490725
0 0.9515336662802198 0.38005666290685314 0.039362481849627075 0.05269910266556703
0 0.6927353832009284 0.4227372225529069 0.06595225292686617 0.05815949247815251
0 0.04175973224241084 0.4440622370678763 0.08351946448482168 0.06187552586424747
0 0.8302172024827691 0.42186138117011096 0.08156816256778673 0.0570516335443795
0 0.17161436212368952 0.4425870021115711 0.056595433645025485 0.061011707838416564
0 0.5591143621236896 0.43131190366914607 0.0878636143631848 0.06504598997087005
0 0.3028598169441497 0.43954926715526577 0.08159543364502539 0.0617391335443795
0 0.4309711814055303 0.43816496041220604 0.06434430113146808 0.05030152837152997
0 0.8258291634515494 0.5047875414366677 0.12705337939029918 0.08805759263643723
0 0.17417575986075323 0.5393710738983257 0.05506929508134393 0.06721624373179384
0 0.9577649646812134 0.5173520744270512 0.07380111436318479 0.06463681301126592
0 0.4327604195016736 0.533409264252272 0.08317611436318462 0.06490959765100221
0 0.6913541695016736 0.5258849546062182 0.0753636143631848 0.06468227711788863
0 0.301501329142594 0.5387907492085772 0.08784543364502548 0.06192098997087001
0 0.5585325791425939 0.531311903669146 0.0800329336450254 0.06169366943775678
0 0.03832566003370384 0.5472781652811216 0.07665132006740769 0.05544366943775678
0 0.17137294672723252 0.6183455200582597 0.08488406010845861 0.08995506175762476
0 0.5619070431364364 0.6226044934025895 0.08791815651766247 0.07442098997087002
0 0.8212774979568966 0.6158387017032243 0.06286361436318452 0.06431856426490726
0 0.9533042027773568 0.6127782346936078 0.0862829336450254 0.06187552586424747
0 0.29392011241827715 0.6335265876883793 0.0863011143631847 0.06500052586424747
0 0.43063886241827715 0.6295484783588947 0.08313066256778665 0.05709709765100222
0 0.6892280672387374 0.6228054187128409 0.08159543364502539 0.0617391335443795
0 0.04274044926131531 0.6440167729612536 0.08548089852263062 0.061966454077492725
0 0.9511826456939602 0.7089174488002306 0.07685339149054755 0.05222774122451135
0 0.2902451456939602 0.7281487659016246 0.07223861436318471 0.06459134890464338
0 0.4347718505144204 0.7247245860390266 0.08163179508134402 0.0679891335443795
0 0.5605531005144204 0.7210647254559007 0.08631929508134384 0.06812552586424747
0 0.6902360553348806 0.7180724546062182 0.06437157220870696 0.05498902837152997
0 0.1753877601553408 0.7338341277383916 0.08000566256778666 0.057006169437756785
0 0.8222627601553409 0.7150119875966017 0.09098861436318453 0.06513691818411545
0 0.043342874616721386 0.7400195947480082 0.08315793364502547 0.061784597651002214
0 0.03422188379010356 0.830894647334433 0.05194429508134394 0.06712531551854858
0 0.9545298386105638 0.8048975385336739 0.0706942950813442 0.06767088479802075