99 0.8595131931232796 0.8333780511993396 0.08822369629109836 0.07540134992375017
96 0.6651357513547371 0.8856166176880897 0.06701043758467104 0.057741071238402955
98 0.765756549070745 0.8652839742613535 0.06544793758467123 0.057704703647222286
93 0.4756538495002863 0.9267903976077079 0.09529921189493056 0.06152068787965277
94 0.5716280907938589 0.9073481069545135 0.10015048620519007 0.06475479065319475
92 0.37737680178427835 0.9470684896476733 0.06684666327441154 0.05461607123840295
2 0.22378381727656899 0.2849886765773957 0.03181656603337357 0.04131598423243066
57 0.7060806608995623 0.18928517192465216 0.07432497060135787 0.07819904160312507
0 0.12895931818108014 0.3114440334349999 0.03995661465389255 0.04774782218833336
13 0.3206178736990041 0.2819526359242011 0.05138543758467105 0.057377395326597205
24 0.422801171415012 0.2615836249062844 0.049659163274411534 0.054216027735416714
68 0.8160731365893028 0.18359625674642294 0.0463703889641522 0.05101829255305561
46 0.6195190411572872 0.2241524408263537 0.04628850180902226 0.049455792553055586
1 0.04527703697341566 0.34155106715434025 0.057635437584671066 0.0575228656913195
35 0.5205835741739739 0.24679246666190932 0.04464411465389251 0.04785692496187508
78 0.9099083457707 0.16811476747999926 0.03650406603337366 0.04142508700597225
7 0.534015310379164 0.3090560773192357 0.07671298620519007 0.06420927678548613
11 0.92724633197589 0.2302874591593742 0.0698078889641522 0.05156380642076393
10 0.8250630342598821 0.250656470177291 0.08296298620519016 0.06435474715020835
6 0.436560456240721 0.3300972355636108 0.09291119629109837 0.0755104526972918
8 0.6362804952503016 0.29024956630131893 0.07770227611928178 0.05330814437666671
89 0.04649537822155987 0.40957436854111107 0.05302982473980082 0.05897626291777787
4 0.24514424016191896 0.3791380668699998 0.0624048247398008 0.059194468464861136
9 0.7406404466297827 0.2815629376922216 0.09398237336031982 0.06617182028847228
3 0.1432884910664301 0.4057570778879166 0.07786605042954134 0.05643314437666671
5 0.3430085300760107 0.3659094086256247 0.08551477611928178 0.0534899823325695
20 0.7515203929208809 0.3548367835319091 0.0827173247398008 0.059667247150208345
18 0.5566516282215599 0.39770035002065923 0.04908595318850324 0.04327852773541672
21 0.8532909328349728 0.34151720630958265 0.08592421189493038 0.0613024823325695
22 0.9501283112836753 0.32361923186079783 0.09390048620519025 0.06460932028847229
15 0.2628473965389256 0.4632039423449651 0.07983798620519007 0.06428201196784719
17 0.45956526628120076 0.4257727582650344 0.08592421189493056 0.0613024823325695
16 0.36519446856519294 0.4459599313270484 0.07926477611928177 0.053344511967847195
14 0.1686403731331772 0.48651611540697903 0.08082727611928182 0.05338087955902786
19 0.656283136023476 0.3883415741851036 0.07317855042954129 0.056324041603125076
12 0.07052709972742885 0.5099192074469444 0.06824538896415207 0.05152743882958326
23 0.08979607813070281 0.5790867815351388 0.08172803482570908 0.07056837955902787
33 0.9575834065463488 0.4046146587225339 0.0848331869073025 0.06787979065319445
29 0.5783429217536963 0.4832378065176732 0.08419793758467123 0.05814111474138883
28 0.47694087403768837 0.5035886337399995 0.06799972749876275 0.04683993882958326
30 0.6735768566248338 0.4645949496600689 0.08921298620519007 0.06450021751493065
32 0.8670468956344145 0.42489275076249927 0.09233798620519025 0.0645729526972918
25 0.18363128731209993 0.5636052922687151 0.09225609905006031 0.0630104526972918
27 0.3802672698992454 0.5246116081887845 0.07622166327441163 0.054834276785486226
31 0.7713183158062309 0.44902254141569387 0.08715916327441171 0.05508884992375016
26 0.2791108836486268 0.5496499354111108 0.07942855042954129 0.0564695119678472
43 0.8831499304601234 0.49335181003305484 0.04653416327441136 0.05414329255305557
38 0.3979737483025193 0.5938155498681594 0.05730788896415202 0.0512728656913195
34 0.10490982304232017 0.6585197083968749 0.10508364767057934 0.06955139342673622
42 0.7876260685197645 0.5213878506862494 0.07457727611928178 0.05323540919430556
44 0.9678337104245927 0.4832299679930895 0.0643325791508147 0.0692604526972918
37 0.3001470799397251 0.6226873919081248 0.06898237336031983 0.06558993882958344
36 0.20503597580128216 0.6436739987657291 0.0747410504295413 0.05636040919430556
40 0.590536384553138 0.5666497185617704 0.0858423247398008 0.0597399823325695
41 0.6921022065794052 0.5494238913394438 0.08436171189493055 0.061266114741388836
39 0.5010987483025193 0.5914152888502426 0.07449538896415202 0.05167290919430556
58 0.9831621393028364 0.5540145934680547 0.03367572139432724 0.05457970364722229
48 0.31978455054108296 0.6988862159963192 0.05105788896415202 0.0511273953265972
45 0.12265392299689164 0.7433668338718402 0.07827548620519006 0.06424564437666688
53 0.809276418474336 0.6061440571832633 0.10491987336031983 0.06642639342673622
51 0.6119001294647552 0.6459371750587842 0.10179487336031982 0.06635365824437507
47 0.22105380144559414 0.7254324918318749 0.0811548247398008 0.05963087955902786
52 0.711780620758328 0.6264039654276383 0.07161605042954129 0.05628767401194459
50 0.5167890253263123 0.6669237819163885 0.09077548620519008 0.06453658510611113
54 0.9084166033454736 0.5874102813477076 0.10212242198083885 0.07260365824437506
49 0.4162091711878693 0.6880376753431247 0.08090916327441153 0.05494337955902786
65 0.5317832615315023 0.7291510249825344 0.08099105042954129 0.05650587955902786
59 0.1403604014001656 0.8125707755512153 0.08773237336031983 0.06602634992375007
66 0.630469745023159 0.7166854329425689 0.08411605042954129 0.05657861474138883
63 0.33818706976295976 0.7813714076756941 0.07137038896415202 0.05160017401194459
70 0.8243492198083884 0.6847957340449993 0.07161605042954129 0.05628767401194459
71 0.925792211101961 0.6652261568226729 0.09077548620519024 0.06453658510611113
72 0.9886209232240344 0.6453481082856936 0.022758153551931316 0.05912173328249999
60 0.2431578527796466 0.8039205145332986 0.07350609905006031 0.06257404160312499
64 0.4367097789443569 0.7657808156357289 0.1036030348257091 0.07107752583555556
69 0.7316637528250751 0.7072902895158327 0.09217421189493073 0.061447952697291794
88 0.8434953674789677 0.7516195581331938 0.0825535504295413 0.05654224715020835
83 0.4563881931232796 0.8427608897239232 0.10047803482570891 0.07100479065319476
76 0.25823065411369905 0.8825721913950346 0.07515048620519008 0.06417290919430556
90 0.9393434560135784 0.7446954512755896 0.0753142605154494 0.06729790919430556
82 0.35663053256240157 0.8646378493550693 0.07983798620519007 0.06428201196784719
84 0.5571318215719822 0.8247719962971871 0.09702548620519007 0.06468205547083343
87 0.7482990541591276 0.7859055987863883 0.10055992198083885 0.07256729065319441
85 0.6515845064431197 0.8061473232351732 0.10187676051544958 0.06791615824437507
75 0.16011738070795073 0.905975283435 0.07819359905006032 0.06268314437666689