0 0.74921875 0.9015625 0.07421875 0.0609375
0 0.546875 0.9140625 0.05703125 0.04765625
0 0.65 0.9140625 0.0546875 0.046875
0 0.3515625 0.9171875 0.0859375 0.04453125
0 0.45 0.9171875 0.0890625 0.0484375
0 0.25078125 0.91796875 0.0578125 0.04453125
0 0.24921875 0.2421875 0.0234375 0.0375
0 0.74375 0.24375 0.06015625 0.0671875
0 0.15078125 0.25 0.03125 0.0421875
0 0.3453125 0.25859375 0.040625 0.04921875
0 0.45 0.25859375 0.03984375 0.04765625
0 0.85234375 0.26015625 0.03671875 0.04453125
0 0.65078125 0.2609375 0.03671875 0.04296875
0 0.046875 0.2609375 0.078125 0.04375
0 0.54921875 0.26328125 0.03515625 0.0421875
0 0.94765625 0.26328125 0.02890625 0.03671875
0 0.54765625 0.3265625 0.06484375 0.0515625
0 0.95078125 0.32734375 0.0609375 0.040625
0 0.84609375 0.32734375 0.07109375 0.0515625
0 0.44765625 0.328125 0.0796875 0.0609375
0 0.65234375 0.32890625 0.06953125 0.040625
0 0.04765625 0.3296875 0.04375 0.0515625
0 0.24921875 0.33828125 0.0515625 0.04921875
0 0.75625 0.340625 0.0828125 0.05078125
0 0.14375 0.34453125 0.06796875 0.04296875
0 0.3484375 0.34453125 0.07734375 0.0390625
0 0.75078125 0.4140625 0.0734375 0.04609375
0 0.55 0.41796875 0.0421875 0.03515625
0 0.853125 0.42109375 0.0765625 0.046875
0 0.95234375 0.42265625 0.0828125 0.04921875
0 0.24765625 0.4234375 0.06796875 0.0515625
0 0.44921875 0.42578125 0.0765625 0.046875
0 0.3515625 0.42734375 0.07109375 0.03984375
0 0.15 0.428125 0.071875 0.03984375
0 0.65 0.428125 0.06328125 0.04375
0 0.04921875 0.43125 0.06015625 0.040625
0 0.05234375 0.503125 0.06953125 0.0578125
0 0.94921875 0.5046875 0.0890625 0.05078125
0 0.55234375 0.50546875 0.07421875 0.04453125
0 0.4484375 0.50546875 0.06015625 0.03515625
0 0.65 0.50546875 0.078125 0.04921875
0 0.8484375 0.50546875 0.08203125 0.04921875
0 0.14765625 0.50625 0.0828125 0.046875
0 0.34921875 0.50703125 0.06796875 0.04140625
0 0.74921875 0.51015625 0.078125 0.040625
0 0.24453125 0.5109375 0.06953125 0.04296875
0 0.8484375 0.575 0.03671875 0.04765625
0 0.35078125 0.57734375 0.04765625 0.0421875
0 0.04921875 0.5828125 0.09453125 0.05078125
0 0.7484375 0.58359375 0.06640625 0.04140625
0 0.95078125 0.58515625 0.08515625 0.053125
0 0.2484375 0.58671875 0.05625 0.05546875
0 0.15078125 0.58828125 0.065625 0.04453125
0 0.5453125 0.5890625 0.0765625 0.04453125
0 0.6484375 0.5921875 0.0734375 0.04765625
0 0.45234375 0.5953125 0.06640625 0.03984375
0 0.95234375 0.65859375 0.06328125 0.0421875
0 0.25 0.66484375 0.0421875 0.04375
0 0.04765625 0.66953125 0.06796875 0.05078125
0 0.75078125 0.6703125 0.09375 0.04921875
0 0.5484375 0.6703125 0.090625 0.0484375
0 0.14765625 0.67109375 0.071875 0.04609375
0 0.65078125 0.67109375 0.0625 0.04375
0 0.45078125 0.671875 0.08046875 0.04921875
0 0.85234375 0.671875 0.090625 0.0546875
0 0.34765625 0.67265625 0.071875 0.040625
0 0.4515625 0.7359375 0.07109375 0.04375
0 0.04921875 0.73984375 0.07734375 0.0515625
0 0.55078125 0.74296875 0.075 0.04296875
0 0.25 0.7484375 0.06328125 0.0390625
0 0.74765625 0.75 0.0625 0.04375
0 0.8515625 0.75078125 0.0796875 0.05
0 0.95078125 0.75078125 0.08046875 0.04375
0 0.1515625 0.7515625 0.0625 0.0515625
0 0.35 0.753125 0.09140625 0.053125
0 0.65234375 0.75390625 0.08203125 0.04609375
0 0.7515625 0.81875 0.0734375 0.04296875
0 0.3515625 0.83125 0.08828125 0.0546875
0 0.14921875 0.83125 0.06328125 0.0515625
0 0.846875 0.83125 0.06328125 0.05546875
0 0.24921875 0.83359375 0.06796875 0.0515625
0 0.4546875 0.83359375 0.08671875 0.0484375
0 0.65078125 0.83359375 0.0890625 0.05546875
0 0.5515625 0.834375 0.090625 0.05078125
0 0.04765625 0.83515625 0.06796875 0.04921875
0 0.95078125 0.8375 0.065625 0.05390625