0 0.8224531368151655 0.7972657513587963 0.08637383723582168 0.07950379353213641
0 0.6268224742473791 0.8621891457500155 0.06596134328594587 0.06125176051544941
0 0.7277309892744936 0.8350324242441463 0.06283634328594587 0.06108798620519025
0 0.4359429441931497 0.915929378675845 0.0941045240041051 0.06585072930778538
0 0.5321548688611848 0.8905808186353653 0.09725679508134384 0.07070200361804453
0 0.3373781791660351 0.9429632694490195 0.06595225292686617 0.059689260515449406
0 0.1990359010567134 0.2894775005658269 0.031495439695149674 0.043825243102595036
0 0.6840017743968885 0.1625299824756038 0.0738920179539809 0.08197369629109832
0 0.10434102459328028 0.32255667345117683 0.03934430113146816 0.050484678878243726
0 0.29671487695441245 0.28045330337021734 0.05032725292686626 0.05887038896415202
0 0.3991858919815271 0.25321469470921865 0.04875566256778665 0.057226001809022355
0 0.793413135833207 0.15054788161652116 0.04561248184962743 0.0539372274987628
0 0.5962881509585175 0.2038344131628699 0.04560339149054773 0.05237472749876284
0 0.024040967117100333 0.35806480551792397 0.048081934234200666 0.06199538896415202
0 0.4977142955723233 0.23243080393604426 0.04403180113146821 0.050730340343633086
0 0.8872631297830829 0.12844715230873605 0.03618293969514994 0.044070904567984306
0 0.5090739763886784 0.29353540027257113 0.07381020472226432 0.06791119629109836
0 0.903305765419898 0.19008733717987364 0.06905907220870695 0.056728034825709095
0 0.8008347503927835 0.21732594584087242 0.08006929508134383 0.06980124491161739
0 0.4112859161820239 0.32130959746818066 0.09107042759490121 0.0813119549975256
0 0.6115313558771736 0.26864054161157236 0.07688066256778665 0.05869997060135788
0 0.02306427439688855 0.4252932490954889 0.0461285487937771 0.06191350180902226
0 0.21880297951193634 0.38216296754914014 0.06128293364502548 0.06256859905006032
0 0.7154966932111911 0.2530387957954439 0.09257838544042354 0.07201884215265535
0 0.11707685304850321 0.41561063263257403 0.07532725292686622 0.06018058344622812
0 0.31732229274365287 0.3629415767759657 0.08469316256778665 0.05910940637700657
0 0.725225696334449 0.32594402928710053 0.08160452400410509 0.06519563206674714
0 0.5296495759211401 0.38149242367831954 0.048692030054229285 0.04628850180902226
0 0.8268745547457055 0.30577761420366667 0.08473861436318479 0.06692190637700665
0 0.9246398890546608 0.28190966700805714 0.0910067950813442 0.07037445499752568
0 0.2347228953011768 0.46489690242027776 0.07693520472226431 0.06807497060135788
0 0.4326064042781672 0.41547567729636403 0.08473861436318479 0.06692190637700653
0 0.33716663925105256 0.442345793759279 0.07843407220870695 0.057219357756487454
0 0.1400461995559029 0.4948510753056278 0.07844316256778665 0.058781857756487456
0 0.6297132084346975 0.3653141457500154 0.07063975292686635 0.05993492198083885
0 0.04146779899016882 0.5242287160788021 0.06748748184962738 0.05508364767057934
0 0.05903202801112584 0.59281826379481 0.08009656615858281 0.07448874491161739
0 0.9382342355620604 0.3616414326118894 0.09883747579950324 0.07390889077317438
0 0.549466651351301 0.4655841406616327 0.08159543364502539 0.06363313206674696
0 0.44777688632418633 0.4927818057450666 0.06589771077238851 0.050314260515449585
0 0.644897326019336 0.44027652419871793 0.08631020472226432 0.06856629353213642
0 0.8396694705349459 0.3886753233850637 0.09100679508134384 0.07037445499752568
0 0.1536587267814618 0.57145784090946 0.0909886143631847 0.0672494549975255
0 0.35077462129707165 0.5197338093631112 0.07531816256778665 0.05861808344622812
0 0.7434302747896719 0.4187113834255435 0.08470225292686635 0.06067190637700666
0 0.249062130372258 0.5508377244465451 0.07688975292686626 0.06026247060135788
0 0.8533365399149826 0.4559070889888959 0.04563066256778683 0.05706222749876275
0 0.36678089549756854 0.5876239942342488 0.05498748184962743 0.05442855042954129
0 0.07263546487760514 0.6709875293986421 0.10352497579950318 0.07415455223856356
0 0.7570700730924698 0.49063064902937575 0.07375566256778665 0.058536196291098366
0 0.9526189224285397 0.43976975463815665 0.08947156615858276 0.07498006784239593
0 0.268166133495516 0.6232516350074231 0.06756929508134393 0.06914614767057933
0 0.17273091364794113 0.6493405014703381 0.07377384328594587 0.06166119629109836
0 0.5591411123200812 0.5478643741532894 0.08472043364502539 0.06379690637700648
0 0.6608081514494968 0.5245729590698553 0.08161361436318479 0.06675813206674697
0 0.4699286213952675 0.5783131919956852 0.07374657220870695 0.056973696291098365
0 0.9670536062699572 0.509304326664424 0.059693162567786826 0.057799211894930556
0 0.2856940010801545 0.6980911827234311 0.05029998184962743 0.05418288896415202
0 0.08854629030776598 0.7552839642697797 0.07693520472226431 0.06807497060135788
0 0.7768962388817102 0.573159866012689 0.10195338544042354 0.07251016508343397
0 0.5789945491865606 0.6257060911366026 0.09881929508134402 0.07078389077317446
0 0.1863161697962612 0.7306347670741703 0.08003293364502548 0.06355124491161739
0 0.6791127238545955 0.6001528132082984 0.07063975292686617 0.05993492198083885
0 0.4835547841594459 0.6525762075995175 0.08944429508134402 0.07029256784239593
0 0.8770098683702056 0.5483878380843847 0.10041815651766228 0.07711577792830404
0 0.3826417239527914 0.6805141791053864 0.07844316256778665 0.05878185775648763
0 0.4972536697962612 0.7143392232033496 0.07846134328594587 0.06190685775648745
0 0.1037758596878026 0.8224338427184822 0.08632838544042354 0.07169129353213641
0 0.5957684378484379 0.6958990824301752 0.08314884328594588 0.0621525192218769
0 0.3024042572284745 0.7792216740170037 0.07061248184962743 0.05524742198083885
0 0.7904996757481895 0.6513291316165212 0.07063975292686635 0.05993492198083885
0 0.8921848955957643 0.6249127165330873 0.08944429508134419 0.07029256784239593
0 0.9704280702637995 0.6005058587765998 0.0519079336450254 0.06207727611928178
0 0.20695540184228028 0.8076542904799187 0.07224770472226431 0.06782930913596844
0 0.4017184559988106 0.7576155896662644 0.10040906615858276 0.07555327792830405
0 0.6973945703619953 0.6796389173467414 0.08942611436318479 0.06716756784239593
0 0.8080820854873056 0.7167936793325291 0.08158634328594587 0.06207063206674697
0 0.4184650735834491 0.8324960809598373 0.09885565651766245 0.0770338907731742
0 0.22056338388829944 0.8850423060837509 0.07224770472226431 0.06782930913596844
0 0.9034400372827041 0.7039860628696142 0.07382838544042372 0.07103619629109836
0 0.3191099681972548 0.8611334153105765 0.07693520472226431 0.06807497060135788
0 0.5201366578924045 0.8084234158764033 0.09569429508134383 0.07062011646291495
0 0.7125605072284745 0.7577262957954438 0.09886474687674215 0.07859639077317446
0 0.6155627873808998 0.7838970494134885 0.09883747579950324 0.07390889077317428
0 0.12198043814302555 0.9152011968569251 0.07692611436318471 0.06651247060135787
0 0.9824371908734999 0.6842257615355617 0.026944295081344195 0.06701708163720568