0 0.3581197709889938 0.8425007709161896 0.09542290919430566 0.07460284639736088
0 0.22799651310520908 0.8611407738191834 0.07979790919430559 0.07414820533113406
0 0.4875163302595493 0.826227250066507 0.09694904160312508 0.07308581050398359
0 0.6192566395301048 0.8098855330568904 0.10167290919430556 0.07478470282385175
0 0.8764327066844452 0.775040205464148 0.0827047036472223 0.0648641335443795
0 0.7556844488006604 0.7934074237274059 0.07183993882958344 0.06767088479802048
0 0.6896613649288202 0.8789788623654925 0.10527068787965277 0.09518813103709682
0 0.17480073755399386 0.9604109996042887 0.07322060087368065 0.05990384890464355
0 0.30341604682454937 0.9441602108079173 0.10454333605604171 0.06393813103709718
0 0.4328307898906953 0.9286679399582347 0.07354790919430561 0.07396634890464356
0 0.5653341653656605 0.911522240895307 0.07507404160312489 0.07244931301126592
0 0.9472738431773273 0.86288353477275 0.07638196846486096 0.06155727711788863
0 0.8241636514979522 0.880537699195942 0.06871493882958327 0.0675799565847754
0 0.27345894984750013 0.1609074416075875 0.040262630508958355 0.05269910266556703
0 0.14731467714607654 0.18255878424402466 0.03415810087368056 0.058767246239076296
0 0.7918264369297223 0.09579062615554604 0.04175239532659738 0.049619566772189705
0 0.6609219290459376 0.11445336111185125 0.04197060087368065 0.058994566772189706
0 0.028147103057882115 0.2016617884006598 0.04829333605604171 0.06230142319868044
0 0.405417464665139 0.15394072459797098 0.046621733282500036 0.057568459092057725
0 0.5316890239356946 0.1377581319615338 0.040262630508958355 0.05269910266556703
0 0.9244934665650002 0.08567617709261813 0.05614220364722229 0.06409124373179383
0 0.15972571779927108 0.2791382675509772 0.06544446846486114 0.06123902837152997
0 0.6756949034947224 0.2117458982588698 0.057813806420763926 0.06882420783841647
0 0.5424466456109377 0.23047682937510902 0.07031380642076393 0.06918792069139794
0 0.28841376225218773 0.26601247875460604 0.0637728656913195 0.05650606426490725
0 0.9306181396270141 0.18087501682606144 0.07035017401194459 0.07075042069139799
0 0.8043647641520488 0.1978388594624986 0.06875130642076392 0.06914245658477532
0 0.4139404391139238 0.2514151181714802 0.07947060087368066 0.06008570533113407
0 0.035198496484618313 0.30308789608079173 0.05759560087368061 0.05944920783841656
0 0.30151513392743085 0.3586629800082473 0.07965243882958344 0.06789820533113407
0 0.8167030696228821 0.2912933427694512 0.07336607123840286 0.06615384890464338
0 0.1737719936348267 0.37879728675130714 0.09218880642076392 0.06982441818411553
0 0.6873610617390975 0.30991061361913375 0.0905172036472223 0.06509145407749281
0 0.942992812689028 0.275892000133014 0.10003767401194459 0.07161423871722886
0 0.4270963621759378 0.34640936942512146 0.07943423328249999 0.058523205331134066
0 0.5572378038553127 0.3285506165221276 0.0827047036472223 0.06486413354437941
0 0.04134135334222256 0.399067985814235 0.06537173328250004 0.05811402837152997
0 0.9498071635627084 0.3335453757598346 0.04502286569131968 0.055960494985435004
0 0.6981186834143406 0.40262931103270894 0.07336607123840296 0.06615384890464338
0 0.05446090881305597 0.49249973706787625 0.08753767401194452 0.07125052586424747
0 0.8345828602760766 0.38771370170322433 0.08739220364722229 0.06500052586424747
0 0.1815319018792018 0.47707566237812776 0.06242857123840286 0.06583560015828453
0 0.5665238445085073 0.42522102804232553 0.09538654160312507 0.07304034639736087
0 0.31169152735416705 0.45999815947513395 0.0891001740119445 0.07129598997087001
0 0.43956195421590316 0.445332602732074 0.0700228656913195 0.05668792069139812
0 0.8419790926086463 0.470367077330045 0.13666615824437506 0.10234741316955046
0 0.19704975873680602 0.572782967471835 0.06257404160312507 0.07208560015828454
0 0.9670829696991321 0.4681105923737398 0.0658340606017358 0.07254024122451135
0 0.4542621934823268 0.5395001398790926 0.09069904160312489 0.07290395407749273
0 0.7106751944322574 0.5054587943396616 0.08285017401194458 0.0711141335443795
0 0.32415711939413244 0.5589213927820864 0.09375130642076393 0.06986988229073816
0 0.5789894365484727 0.5241442613492782 0.08750130642076392 0.06968802586424747
0 0.06153048603538245 0.5947070947480082 0.08579333605604171 0.06339256175762475
0 0.20513632209142418 0.6515073610453442 0.09440592306201394 0.09799488229073816
0 0.594380006836945 0.6143828164429853 0.09720361474138883 0.0840233105039836
0 0.8515924415824656 0.5810999888502429 0.07035017401194424 0.07075042069139811
0 0.9682103650257293 0.5634230923737398 0.06357926994854139 0.06941524122451134
0 0.32870110866055613 0.6533844466221523 0.09382404160312507 0.07299488229073817
0 0.46431130033993107 0.6353665693459792 0.08895470364722229 0.06504598997087001
0 0.7215055512898616 0.6013024917532368 0.0875376740119446 0.07125052586424747
0 0.0786108428929867 0.6903689357350927 0.0969126740119445 0.0715233105039836
0 0.9756241279435074 0.6585537359472491 0.04875174411298531 0.059676528371529966
0 0.3379325979269798 0.7477111081423503 0.07976154160312507 0.07258570533113406
0 0.4813371058107645 0.7286846603330638 0.08920927678548622 0.07598348997087001
0 0.60604616508132 0.7125475318032493 0.09389677678548622 0.07611988229073816
0 0.7354245405562854 0.6954927609535667 0.07013196846486114 0.06137542069139794
0 0.2241974062476048 0.7650924879258061 0.08582970364722228 0.06495506175762475
0 0.8663835998268408 0.6791737759972614 0.09851154160312489 0.07313127461060631
0 0.09332926595500066 0.7853177228821113 0.0906626740119445 0.07134145407749273
0 0.09700108624347296 0.8758972587754886 0.0594854091943056 0.07355717194503911
0 0.985254354292153 0.7543974333608243 0.029491291415693864 0.07323892319868044