13 0.30127168032481644 0.15861501874589928 0.0327503155185485 0.05283583992388783
2 0.20389657515196694 0.1797498725099515 0.031142351411925784 0.05120967292769345
1 0.10656693408574011 0.1993222262740038 0.05940374373179384 0.05704317885919252
57 0.691766299683431 0.09354318669349579 0.0376196719450391 0.059276840912470985
0 0.01207043949601645 0.2172684130418617 0.0241408789920329 0.055706171939110226
46 0.5928968906705154 0.11239795745374245 0.03435827962517113 0.05446200692008222
35 0.49558998165759993 0.13118906121779472 0.03444920783841656 0.05758700692008221
78 0.881510761282771 0.062401980153974426 0.032704851411925515 0.05127333992388783
24 0.40062682264468447 0.1498846644875554 0.03900031551854841 0.05309050790866543
68 0.7911441740566103 0.08403158243515192 0.04248902837152997 0.06571784190105419
89 0.021010524643859732 0.3082608275665981 0.042021049287719464 0.07215884288963732
5 0.31162049544765347 0.2588550992782469 0.053199207838416564 0.058351010874414924
8 0.6042088122198432 0.2063562044879929 0.04244356426490725 0.06415534190105418
7 0.506143385260239 0.2243978917501424 0.05811402837152997 0.06635451186299805
4 0.21743858643473804 0.2775188690499104 0.05021060015828456 0.06291117688202608
11 0.8975329148854103 0.1553879761996417 0.058159492478152684 0.0679170118629981
9 0.7021605789128905 0.19222076722584344 0.0532446719450391 0.05991351087441492
10 0.7970328097125607 0.17665016395608277 0.05181856426490725 0.06453734387822055
3 0.11925949920857719 0.2994668063120599 0.05467077962517114 0.0552896778706093
6 0.40870008392745555 0.2478764955141947 0.061011707838416564 0.0586693458553869
22 0.907282336434738 0.24940989023008658 0.06280152837152997 0.06654551285158128
15 0.22950902593075445 0.37222653258606375 0.07070495658477524 0.06998884783255317
16 0.32679320289035857 0.35421667882201147 0.06574467194503919 0.060422846843970035
21 0.8075862133151999 0.2698589944884304 0.08494931301126592 0.07681185079830274
18 0.5196853965430102 0.3221668882901013 0.06280152837152997 0.06654551285158128
19 0.6161883235026142 0.3041888680241462 0.0738299565847754 0.07011618182494202
20 0.7134270363555958 0.2877415142600939 0.05963106426490725 0.06485567885919252
17 0.4199892734234719 0.34261599254844516 0.06597199247815264 0.06823534684397004
12 0.030139511744989505 0.4123434911027514 0.0563696719450392 0.060040844866803764
14 0.12969924254465962 0.39658188684440754 0.05954013605166186 0.06173067885919252
32 0.8168642734234719 0.32644457551506967 0.037528743731793754 0.05615184091247105
33 0.9177675438774431 0.34496247076243425 0.07847199247815269 0.06874468281352523
26 0.2337215013201482 0.46881503110318895 0.05636967194503928 0.060040844866803764
30 0.6267417271052533 0.3973976985564939 0.058159492478152684 0.06791701186299814
23 0.040715647400939976 0.5047710716350992 0.08035274122451139 0.07974584980971962
27 0.33567044622644104 0.45139542635055346 0.06588106426490725 0.06511034684397003
31 0.7271054399582348 0.3808230108000529 0.06744356426490725 0.06517401384016441
29 0.528585371932404 0.4185643858186433 0.0769549565847754 0.07024351581733082
25 0.1386674140939874 0.4906356343729497 0.07396634890464333 0.0748036818249421
28 0.4296250347062431 0.44054415657889 0.05150031551854841 0.053599843878220456
42 0.7355424140939875 0.46631484182669214 0.10920516693047429 0.10589185574121877
37 0.2504794408161647 0.5633316936507591 0.05356292069139794 0.070851010874415
34 0.05195937279033375 0.6010730686693495 0.07552884890464333 0.0748673488211363
36 0.1508060497499379 0.5829995479091029 0.0644094924781526 0.06817167984777565
41 0.6363774883880244 0.4953258625869387 0.06280152837152997 0.06654551285158128
39 0.44254492036219356 0.532876236616946 0.07213106426490726 0.06536501482874754
40 0.5359001152684864 0.5158068003433798 0.06891513605166182 0.06211268083635879
38 0.3444567613492781 0.5516991738790956 0.07208560015828454 0.06380251482874755
43 0.8347156999873647 0.4638344875683482 0.0644549565847754 0.06973417984777566
44 0.9311958948936574 0.44663771730239316 0.08026181301126627 0.07662084980971962
48 0.2582260931651626 0.6457303581754955 0.07147784639736088 0.09655134783255334
54 0.8437747997499379 0.5547632350968903 0.07070495658477541 0.06998884783255317
51 0.5487972688711255 0.608920130381436 0.07088681301126591 0.07623884783255334
45 0.06554684817972752 0.6972795652093084 0.07065949247815259 0.06842634783255334
50 0.45383410985821 0.6276157336511966 0.06909699247815268 0.0683626808363588
52 0.6452319996707956 0.5932858601154808 0.06932431301126592 0.0761751808363588
53 0.742470712523777 0.5768385063514285 0.05356292069139812 0.070851010874415
58 0.9417265664429852 0.5406277978347408 0.07561977711788899 0.0779923488211363
49 0.3510357187919832 0.6474109219019292 0.07543792069139794 0.07174234882113631
47 0.15876565076615226 0.6848976289357422 0.07382995658477531 0.0701161818249421
59 0.07336169668865944 0.7773344797340449 0.06982441818411549 0.09336268083635879
70 0.6558308673800575 0.6849321906478285 0.06280152837152997 0.06654551285158128
64 0.358509586501245 0.7391845864266656 0.06298338479802065 0.07279551285158128
69 0.5593279404204533 0.7029102109137836 0.07552884890464337 0.07486734882113648
72 0.8518707930860202 0.6519738161235296 0.06436402837152996 0.06660917984777566
63 0.2721629095416409 0.7567487712173572 0.06909699247815268 0.0683626808363588
71 0.7561491161264161 0.6699200028913874 0.0724038489046432 0.07474001482874755
65 0.4658818173009152 0.7231046471873499 0.07088681301126591 0.07623884783255316
60 0.1763503043687914 0.7778199579852151 0.06280152837152993 0.06654551285158128
75 0.9505810777257564 0.6385877953632828 0.061193564264907255 0.06491934585538672
76 0.08509115538500578 0.8837608932701982 0.0690969924781526 0.0683626808363588
90 0.8655719287419708 0.7442740626634885 0.05985838479802084 0.07266817885919252
80 0.1784008861846759 0.868253956996632 0.04882995658477531 0.0690975098858317
84 0.4733329529568656 0.8156595617120864 0.07396634890464338 0.07480368182494183
82 0.277179366984346 0.8525241862363853 0.06789820533113407 0.08079901384016423
83 0.3760260439439501 0.8344506654761386 0.07718227711788864 0.07805601581733086
91 0.9525179992750843 0.7329280443746997 0.05213681301126627 0.07547484387822045
85 0.5720432375966016 0.8022735409518397 0.07869931301126591 0.07655718281352505
88 0.7673701094624986 0.767003249925638 0.06275606426490725 0.06498301285158128
87 0.6755774145562058 0.7840090192030098 0.053381064264907255 0.06460101087441483
96 0.6277871207452697 0.8710116120926472 0.07616534639736088 0.0967423488211363
92 0.23837762826711711 0.9524260271488562 0.05806856426490725 0.06479201186299832
93 0.33796009112009856 0.9358831728905124 0.07833560015828453 0.06405718281352506
94 0.43441755397308 0.9194676526245573 0.058341348904643195 0.07416701186299832
99 0.8203383335982511 0.8506805715607371 0.058159492478152684 0.06791701186299832
95 0.5316562668260614 0.9030202988605052 0.05655152837152997 0.06629084486680341
98 0.7284774425320244 0.8700300908381088 0.0550799565847754 0.06935217787060921