0 0.48203125 0.7578125 0.04375 0.11484375
78 0.8296875 0.76484375 0.03984375 0.1203125
89 0.13515625 0.76484375 0.04765625 0.11015625
12 0.1390625 0.87734375 0.03984375 0.0453125
11 0.83125 0.8796875 0.04375 0.05
11 0.484375 0.8828125 0.04765625 0.0453125
24 0.13515625 0.3203125 0.04765625 0.1203125
13 0.48203125 0.325 0.0515625 0.1203125
46 0.8296875 0.325 0.04765625 0.11015625
14 0.1390625 0.43515625 0.04765625 0.03984375
12 0.4859375 0.4421875 0.04375 0.0453125
12 0.83125 0.4453125 0.04375 0.03984375