0 0.5054384774643179 0.7334399693167406 0.07442641935425698 0.12467634783255317
0 0.8486298593911874 0.6477173976444603 0.07151974317557439 0.1292365138401644
0 0.16478989868060165 0.831535206996632 0.07740587014004516 0.12167868182494183
0 0.18860192618319163 0.9397323675670357 0.05091183664159917 0.055098676882025896
0 0.8707702249831186 0.7583219752110585 0.055817660462916766 0.05997717787060921
0 0.530267195413614 0.8532922128909499 0.058797111248705035 0.05697951186299797
0 0.08494846484892415 0.40279739475307297 0.0794050177826803 0.1311173488211365
0 0.42743137138289944 0.31554415657889 0.08253001778268025 0.13124468281352525
0 0.7701326017381923 0.22360341840470704 0.07740587014004525 0.12167868182494201
0 0.10946896774440826 0.5125252218253795 0.057016287427387444 0.052228344866803764
0 0.4526239623677248 0.4275839001530993 0.05567211124870504 0.056852177870609255
0 0.792835893508806 0.33886366247320804 0.053818512820281585 0.050538510874414924