0 0.4376536680718658 0.7427471603330636 0.055654777674814325 0.11868781551854841
0 0.7826561440252486 0.7639268607161398 0.05274803248413775 0.12484688730530316
0 0.09137886879750519 0.7356526920032989 0.05861608656782162 0.11409124373179384
0 0.08354403222968357 0.8482663522698555 0.04387897477225653 0.04966503087881265
0 0.7724229937550962 0.8781712171426305 0.048730165879249124 0.05448892319868044
0 0.4270658537365627 0.8671477667595544 0.05169147477225664 0.04989235141192587
0 0.13812496025946824 0.29099340987084527 0.06056053248413762 0.12507420783841655
0 0.4832092817663474 0.3098293602539214 0.06368553248413758 0.12516513605166182
0 0.829238544380219 0.3239550785836862 0.05861608656782167 0.11409124373179384
0 0.13020827813815034 0.40595082013740197 0.05152778366526398 0.04520485141192587
0 0.4744295040915333 0.42715325257378944 0.04856647477225664 0.04980142319868044
0 0.8180058893007432 0.4444721670634883 0.04834821996293322 0.04355142319868044